Inputfile,Par_per_doc,Zin_per_doc,Word_per_doc,Alpino_status,Let_per_wrd,Wrd_per_let,Let_per_wrd_zn,Wrd_per_let_zn,Morf_per_wrd,Wrd_per_morf,Morf_per_wrd_zn,Wrd_per_morf_zn,Namen_p,Namen_d,Wrd_prev,Wrd_prev_z,Inhwrd_prev,Inhwrd_prev_z,Dekking_inhwrd_prev,Freq50_staph,Freq65_Staph,Freq77_Staph,Freq80_Staph,Wrd_freq_log,Wrd_freq_zn_log,Lem_freq_log,Lem_freq_zn_log,Wrd_freq_log_zonder_abw,Wrd_freq_zn_log_zonder_abw,Lem_freq_log_zonder_abw,Lem_freq_zn_log_zonder_abw,Freq1000,Freq2000,Freq3000,Freq5000,Freq10000,Freq20000,Freq1000_inhwrd,Freq2000_inhwrd,Freq3000_inhwrd,Freq5000_inhwrd,Freq10000_inhwrd,Freq20000_inhwrd,Freq1000_inhwrd_zonder_abw,Freq2000_inhwrd_zonder_abw,Freq3000_inhwrd_zonder_abw,Freq5000_inhwrd_zonder_abw,Freq10000_inhwrd_zonder_abw,Freq20000_inhwrd_zonder_abw,Samenst_d,Samenst_p,Samenst3_d,Samenst3_p,Let_per_wrd_nw,Let_per_wrd_nsam,Let_per_wrd_sam,Let_per_wrd_hfdwrd,Let_per_wrd_satwrd,Let_per_wrd_nw_corr,Let_per_wrd_corr,Wrd_freq_log_nw,Wrd_freq_log_ong_nw,Wrd_freq_log_sam_nw,Wrd_freq_log_hfdwrd,Wrd_freq_log_satwrd,Wrd_freq_log_(hfd_sat),Wrd_freq_log_nw_corr,Wrd_freq_log_corr,Wrd_freq_log_zn_corr,Wrd_freq_log_corr_zonder_abw,Wrd_freq_log_zn_corr_zonder_abw,Freq1000_nw,Freq5000_nw,Freq20000_nw,Freq1000_nsam_nw,Freq5000_nsam_nw,Freq20000_nsam_nw,Freq1000_sam_nw,Freq5000_sam_nw,Freq20000_sam_nw,Freq1000_hfdwrd_nw,Freq5000_hfdwrd_nw,Freq20000_hfdwrd_nw,Freq1000_satwrd_nw,Freq5000_satwrd_nw,Freq20000_satwrd_nw,Freq1000_nw_corr,Freq5000_nw_corr,Freq20000_nw_corr,Freq1000_corr,Freq5000_corr,Freq20000_corr,Wrd_per_zin,Wrd_per_dz,Zin_per_wrd,Dzin_per_wrd,Wrd_per_nwg,Betr_bijzin_per_zin,Bijw_bijzin_per_zin,Compl_bijzin_per_zin,Fin_bijzin_per_zin,Mv_fin_inbed_per_zin,Infin_compl_per_zin,Bijzin_per_zin,Mv_inbed_per_zin,Betr_bijzin_los,Bijw_compl_bijzin_los,Pv_hzin_per_zin,Pv_bijzin_per_zin,Pv_ww1_per_zin,Hzin_conj,Bijzin_conj,Ww1_conj,Pv_Alpino_per_zin,Pv_Frog_d,Pv_Frog_per_zin,D_level,D_level_gt4_p,Nom_d,Lijdv_d,Lijdv_dz,Ontk_zin_d,Ontk_zin_dz,Ontk_morf_d,Ontk_morf_dz,Ontk_tot_d,Ontk_tot_dz,Meerv_ontk_d,Meerv_ontk_dz,AL_sub_ww,AL_ob_ww,AL_indirob_ww,AL_ww_vzg,AL_lidw_znw,AL_vz_znw,AL_ww_wwvc,AL_vg_wwbijzin,AL_vg_conj,AL_vg_wwhoofdzin,AL_znw_bijzin,AL_ww_schdw,AL_ww_znwpred,AL_ww_bnwpred,AL_ww_bnwbwp,AL_ww_bwbwp,AL_ww_znwbwp,AL_gem,AL_max,Bijw_bep_d,Bijw_bep_dz,Bijw_bep_dz_zbijzin,Bijw_bep_alg_d,Bijw_bep_alg_dz,Bijv_bep_d,Bijv_bep_dz,Bijv_bep_dz_zbijzin,Attr_bijv_nw_d,Attr_bijv_nw_dz,Ov_bijv_bep_d,Ov_bijv_bep_dz,KConj_per_zin,Extra_KConj_per_zin,KConj_dz,Extra_KConj_dz,Props_dz_tot,TTR_wrd,MTLD_wrd,TTR_lem,MTLD_lem,TTR_namen,MTLD_namen,TTR_inhwrd,MTLD_inhwrd,TTR_inhwrd_zonder_abw,MTLD_inhwrd_zonder_abw,Inhwrd_d,Inhwrd_dz,Inhwrd_d_zonder_abw,Inhwrd_dz_zonder_abw,Zeldz_index,Vnw_ref_d,Vnw_ref_dz,Arg_over_vzin_d,Arg_over_vzin_dz,Lem_over_vzin_d,Lem_over_vzin_dz,Arg_over_buf_d,Arg_over_buf_dz,Lem_over_buf_d,Lem_over_buf_dz,Onbep_nwg_p,Onbep_nwg_dz,Conn_d,Conn_dz,Conn_TTR,Conn_MTLD,Conn_temp_d,Conn_temp_dz,Conn_temp_TTR,Conn_temp_MTLD,Conn_reeks_wg_d,Conn_reeks_wg_dz,Conn_reeks_wg_TTR,Conn_reeks_wg_MTLD,Conn_reeks_zin_d,Conn_reeks_zin_dz,Conn_reeks_zin_TTR,Conn_reeks_zin_MTLD,Conn_contr_d,Conn_contr_dz,Conn_contr_TTR,Conn_contr_MTLD,Conn_comp_d,Conn_comp_dz,Conn_comp_TTR,Conn_comp_MTLD,Conn_caus_d,Conn_caus_dz,Conn_caus_TTR,Conn_caus_MTLD,Causaal_d,Ruimte_d,Tijd_d,Emotie_d,Causaal_TTR,Causaal_MTLD,Ruimte_TTR,Ruimte_MTLD,Tijd_TTR,Tijd_MTLD,Emotie_TTR,Emotie_MTLD,Conc_nw_strikt_p,Conc_nw_strikt_d,Conc_nw_ruim_p,Conc_nw_ruim_d,Pers_nw_p,Pers_nw_d,PlantDier_nw_p,PlantDier_nw_d,Gebr_vw_nw_p,Gebr_vw_nw_d,Subst_conc_nw_p,Subst_conc_nw_d,Voed_verz_nw_p,Voed_verz_nw_d,Concr_ov_nw_p,Concr_ov_nw_d,Gebeuren_conc_nw_p,Gebeuren_conc_nw_d,Plaats_nw_p,Plaats_nw_d,Tijd_nw_p,Tijd_nw_d,Maat_nw_p,Maat_nw_d,Subst_abstr_nw_p,Subst_abstr_nw_d,Gebeuren_abstr_nw_p,Gebeuren_abstr_nw_d,Organisatie_nw_p,Organisatie_nw_d,Ov_abstr_nw_p,Ov_abstr_nw_d,Undefined_nw_p,Gedekte_nw_p,Alg_nw_d,Alg_nw_p,Alg_nw_afz_sit_d,Alg_nw_afz_sit_p,Alg_nw_rel_sit_d,Alg_nw_rel_sit_p,Alg_nw_hand_d,Alg_nw_hand_p,Alg_nw_kenn_d,Alg_nw_kenn_p,Alg_nw_disc_caus_d,Alg_nw_disc_caus_p,Alg_nw_ontw_d,Alg_nw_ontw_p,Waarn_mens_bvnw_p,Waarn_mens_bvnw_d,Emosoc_bvnw_p,Emosoc_bvnw_d,Waarn_nmens_bvnw_p,Waarn_nmens_bvnw_d,Vorm_omvang_bvnw_p,Vorm_omvang_bvnw_d,Kleur_bvnw_p,Kleur_bvnw_d,Stof_bvnw_p,Stof_bvnw_d,Geluid_bvnw_p,Geluid_bvnw_d,Waarn_nmens_ov_bvnw_p,Waarn_nmens_ov_bvnw_d,Technisch_bvnw_p,Technisch_bvnw_d,Tijd_bvnw_p,Tijd_bvnw_d,Plaats_bvnw_p,Plaats_bvnw_d,Spec_positief_bvnw_p,Spec_positief_bvnw_d,Spec_negatief_bvnw_p,Spec_negatief_bvnw_d,Alg_positief_bvnw_p,Alg_positief_bvnw_d,Alg_negatief_bvnw_p,Alg_negatief_bvnw_d,Alg_ev_zr_bvnw_p,Alg_ev_zr_bvnw_d,Ep_positief_bvnw_p,Ep_positief_bvnw_d,Ep_negatief_bvnw_p,Ep_negatief_bvnw_d,Ov_abstr_bvnw_p,Ov_abstr_bvnw_d,Spec_ev_bvnw_p,Spec_ev_bvnw_d,Alg_ev_bvnw_p,Alg_ev_bvnw_d,Ep_ev_bvnw_p,Ep_ev_bvnw_d,Conc_bvnw_strikt_p,Conc_bvnw_strikt_d,Conc_bvnw_ruim_p,Conc_bvnw_ruim_d,Subj_bvnw_p,Subj_bvnw_d,Undefined_bvnw_p,Gelabeld_bvnw_p,Gedekte_bvnw_p,Conc_ww_p,Conc_ww_d,Abstr_ww_p,Abstr_ww_d,Undefined_ww_p,Gedekte_ww_p,Alg_ww_d,Alg_ww_p,Alg_ww_afz_sit_d,Alg_ww_afz_sit_p,Alg_ww_rel_sit_d,Alg_ww_rel_sit_p,Alg_ww_hand_d,Alg_ww_hand_p,Alg_ww_kenn_d,Alg_ww_kenn_p,Alg_ww_disc_caus_d,Alg_ww_disc_caus_p,Alg_ww_ontw_d,Alg_ww_ontw_p,Conc_tot_p,Conc_tot_d,Alg_bijw_d,Alg_bijw_p,Spec_bijw_d,Spec_bijw_p,Gedekte_bw_p,Pers_ref_d,Pers_vnw1_d,Pers_vnw2_d,Pers_vnw3_d,Pers_vnw_d,Pers_namen_p, Pers_namen_p2, Pers_namen_d, Plaatsnamen_d,Org_namen_d, Prod_namen_d, Event_namen_d,Actieww_p,Actieww_d,Toestww_p,Toestww_d,Procesww_p,Procesww_d,Undefined_ATP_ww_p,Ww_tt_p,Ww_tt_dz,Ww_mod_d_,Ww_mod_dz,Huww_tijd_d,Huww_tijd_dz,Koppelww_d,Koppelww_dz,Infin_bv_d,Infin_bv_dz,Infin_nw_d,Infin_nw_dz,Infin_vrij_d,Infin_vrij_dz,Vd_bv_d,Vd_bv_dz,Vd_nw_d,Vd_nw_dz,Vd_vrij_d,Vd_vrij_dz,Ovd_bv_d,Ovd_bv_dz,Ovd_nw_d,Ovd_nw_dz,Ovd_vrij_d,Ovd_vrij_dz,Imp_ellips_p,Imp_ellips_d,Vragen_p,Vragen_d,Bvnw_d,Vg_d,Vnw_d,Lidw_d,Vz_d,Bijw_d,Tw_d,Nw_d,Ww_d,Tuss_d,Spec_d,Interp_d,Afk_d,Afk_gen_d,Afk_int_d,Afk_jur_d,Afk_med_d,Afk_ond_d,Afk_pol_d,Afk_ov_d,Afk_zorg_d,Vzu_d,Vzu_dz,Arch_d,Int_d,Int_bvnw_d,Int_bvbw_d,Int_bw_d,Int_combi_d,Int_nw_d,Int_tuss_d,Int_ww_d,Log_prob_fwd,Log_prob_fwd_inhwrd,Log_prob_fwd_zn,Log_prob_fwd_inhwrd_zn,Entropie_fwd,Entropie_fwd_norm,Perplexiteit_fwd,Perplexiteit_fwd_norm,Log_prob_bwd,Log_prob_bwd_inhwrd,Log_prob_bwd_zn,Log_prob_bwd_inhwrd_zn,Entropie_bwd,Entropie_bwd_norm,Perplexiteit_bwd,Perplexiteit_bwd_norm,Eigen_classificatie
input/36_context_nl_azure.txt,1,1,13,0,5.38462,0.185714,5.38462,0.185714,1.61538,0.619048,1.61538,0.619048,0.00000,0.00000,0.997201,2.85109,0.997680,2.92315,1.00000,0.538462,0.538462,0.538462,0.538462,3.42468,3.42468,3.80557,3.80557,3.42468,3.42468,3.80557,3.80557,0.538462,0.538462,0.538462,0.538462,0.692308,0.846154,0.00000,0.00000,0.00000,0.00000,0.333333,0.666667,0.00000,0.00000,0.00000,0.00000,0.333333,0.666667,0.00000,0.00000,0.00000,0.00000,8.66667,8.66667,NA,NA,NA,8.66667,5.38462,3.33237,3.33237,NA,NA,NA,NA,3.33237,3.42468,3.42468,3.42468,3.42468,0.00000,0.00000,0.666667,0.00000,0.00000,0.666667,NA,NA,NA,NA,NA,NA,NA,NA,NA,0.00000,0.00000,0.666667,0.538462,0.538462,0.692308,13.0000,13.0000,0.0769231,0.0769231,2.60000,0.00000,0.00000,0.00000,0.00000,0.00000,0.00000,0.00000,0.00000,0.00000,0.00000,1.00000,0.00000,0.00000,0.00000,0.00000,0.00000,1.00000,76.9231,1.00000,2.00000,0.00000,153.846,76.9231,1.00000,0.00000,0.00000,0.00000,0.00000,0.00000,0.00000,0.00000,0.00000,0,1,NA,2,0,0.666667,0,NA,0,NA,NA,NA,NA,NA,NA,NA,NA,0.75,4,76.9231,1.00000,1.00000,0.00000,0.00000,307.692,4.00000,4.00000,0.00000,0.00000,307.692,4.00000,2.00000,1.00000,2.00000,1.00000,7.00000,1.00000,13.0000,1.00000,13.0000,NA,0.00000,1.00000,6.00000,1.00000,6.00000,461.538,6.00000,461.538,6.00000,0.00000,0.00000,0.00000,0.00000,0.00000,0.00000,0.00000,0.00000,0.00000,0.00000,0.00000,0.200000,1.00000,0.00000,0.00000,NA,0.00000,0.00000,0.00000,NA,0.00000,76.9231,1.00000,1.00000,0.00000,0.00000,0.00000,NA,0.00000,0.00000,0.00000,NA,0.00000,0.00000,0.00000,NA,0.00000,0.00000,0.00000,NA,0.00000,0.00000,0.00000,0.00000,0.00000,NA,0.00000,NA,0.00000,NA,0.00000,NA,0.00000,NA,0.00000,NA,0.00000,NA,0.00000,NA,0.00000,NA,0.00000,NA,0.00000,NA,0.00000,NA,0.00000,NA,0.00000,NA,0.00000,NA,0.00000,NA,0.00000,NA,0.00000,NA,0.00000,NA,0.00000,NA,0.00000,NA,0.00000,0.00000,NA,0.00000,NA,0.00000,NA,0.00000,NA,0.00000,NA,0.00000,NA,0.00000,NA,NA,0.00000,NA,0.00000,NA,0.00000,NA,0.00000,NA,0.00000,NA,0.00000,NA,0.00000,NA,0.00000,NA,0.00000,NA,0.00000,NA,0.00000,NA,0.00000,NA,0.00000,NA,0.00000,NA,0.00000,NA,0.00000,NA,0.00000,NA,0.00000,NA,0.00000,NA,0.00000,NA,0.00000,NA,0.00000,NA,0.00000,NA,0.00000,NA,0.00000,NA,NA,NA,NA,0.00000,NA,0.00000,NA,0.00000,0.00000,NA,0.00000,NA,0.00000,NA,0.00000,NA,0.00000,NA,0.00000,NA,0.00000,NA,NA,0.00000,0.00000,NA,0.00000,NA,NA,0.00000,0.00000,0.00000,0.00000,0.00000,NA,0.00000,0.00000,0.00000,0.00000,0.00000,0.00000,0.00000,0.00000,0.00000,0.00000,0.00000,0.00000,NA,76.9231,1.00000,0.00000,0.00000,0.00000,0.00000,0.00000,0.00000,0.00000,0.00000,153.846,2.00000,0.00000,0.00000,0.00000,0.00000,0.00000,0.00000,76.9231,1.00000,0.00000,0.00000,0.00000,0.00000,0.00000,0.00000,0.00000,0.00000,0.00000,0.00000,0.00000,76.9231,0.00000,153.846,230.769,0.00000,0.00000,230.769,307.692,0.00000,0.00000,76.9231,0.00000,0.00000,0.00000,0.00000,0.00000,0.00000,0.00000,0.00000,0.00000,0.00000,0.00000,0.00000,0.00000,0.00000,0.00000,0.00000,0.00000,0.00000,0.00000,0.00000,-9.90551,NA,NA,NA,1.37352,0.0981086,2.59103,0.0132195,-9.66984,NA,NA,NA,1.45323,0.103802,2.73820,0.0139704,""
